%YAML:1.0
---
calibrationDate: "Wed Sep 25 18:51:05 2019\n"
nameImage: maracana2
nameDirImage: "D:/OpenCV/visao_trabalho1/maracana2.jpg"
nameDirYaml: "D:/maracana2.yml"
origin:
   - { x:575., y:99. }
   - { x:475., y:99. }
   - { x:509., y:178. }
   - { x:550., y:60. }
   - { x:267., y:61. }
   - { x:267., y:238. }
   - { x:525., y:23. }
   - { x:525., y:11. }
points2d:
   - { x:0., y:0. }
   - { x:-100., y:0. }
   - { x:-66., y:79. }
   - { x:-25., y:-39. }
   - { x:-308., y:-38. }
   - { x:-308., y:139. }
   - { x:-50., y:-76. }
   - { x:-50., y:-88. }
points3d:
   - { x:0., y:0., z:0. }
   - { x:0., y:5.5000000000000000e+00, z:0. }
   - { x:1.8320000000000000e+01, y:5.5000000000000000e+00, z:0. }
   - { x:-11, y:0., z:0. }
   - { x:-11, y:1.6500000000000000e+01, z:0. }
   - { x:-2.9320000000000000e+01, y:0., z:0. }
   - { x:-3.5840000000000003e+01, y:0., z:0. }
   - { x:-3.5840000000000003e+01, y:0., z:1 }
