%YAML:1.0
---
calibrationDate: "Thu Sep 26 16:37:54 2019\n"
nameImage: maracana2
nameDirImage: "D:/OpenCV/visao_trabalho1/maracana2.jpg"
nameDirYaml: "D:/maracana2.yml"
origin:
   - { x:574., y:98. }
   - { x:474., y:99. }
   - { x:509., y:176. }
   - { x:549., y:61. }
   - { x:269., y:61. }
   - { x:270., y:238. }
   - { x:525., y:23. }
   - { x:524., y:11. }
points2d:
   - { x:0., y:0. }
   - { x:-100., y:1. }
   - { x:-65., y:78. }
   - { x:-25., y:-37. }
   - { x:-305., y:-37. }
   - { x:-304., y:140. }
   - { x:-49., y:-75. }
   - { x:-50., y:-87. }
points3d:
   - { x:0., y:0., z:0. }
   - { x:0., y:5.5000000000000000e+00, z:0. }
   - { x:-1.8320000000000000e+01, y:5.5000000000000000e+00, z:0. }
   - { x:11, y:0., z:0. }
   - { x:11, y:1.6500000000000000e+01, z:0. }
   - { x:-2.9320000000000000e+01, y:0., z:0. }
   - { x:3.5840000000000003e+01, y:0., z:0. }
   - { x:3.5840000000000003e+01, y:0., z:1 }
