%YAML:1.0
---
calibrationDate: "Tue Sep 24 19:02:08 2019\n"
nameImage: maracana1
nameDirImage: "D:/OpenCV/visao_trabalho1/maracana1.jpg"
nameDirYaml: "D:/maracana1.yml"
origin:
   - { x:124., y:158. }
   - { x:162., y:140. }
   - { x:184., y:126. }
   - { x:241., y:131. }
   - { x:160., y:176. }
   - { x:98., y:170. }
   - { x:124., y:127. }
   - { x:161., y:111. }
points2d:
   - { x:0., y:0. }
   - { x:38., y:-18. }
   - { x:60., y:-32. }
   - { x:117., y:-27. }
   - { x:36., y:18. }
   - { x:-26., y:12. }
   - { x:0., y:-31. }
   - { x:37., y:-47. }
points3d:
   - { x:0., y:0., z:0. }
   - { x:7.3200000000000003e+00, y:0., z:0. }
   - { x:1.2820000000000000e+01, y:0., z:0. }
   - { x:1.2820000000000000e+01, y:5.5000000000000000e+00, z:0. }
   - { x:-5.5000000000000000e+00, y:5.5000000000000000e+00, z:0. }
   - { x:-5.5000000000000000e+00, y:0., z:0. }
   - { x:0., y:0., z:2.4399999999999999e+00 }
   - { x:7.3200000000000003e+00, y:0., z:2.4399999999999999e+00 }
