%YAML:1.0
---
calibrationDate: "Thu Sep 26 10:24:06 2019\n"
nameImage: maracana1
nameDirImage: "D:/OpenCV/visao_trabalho1/maracana1.jpg"
nameDirYaml: "D:/maracana1.yml"
origin:
   - { x:124., y:158. }
   - { x:160., y:140. }
   - { x:184., y:127. }
   - { x:240., y:130. }
   - { x:161., y:176. }
   - { x:93., y:171. }
   - { x:123., y:127. }
   - { x:158., y:111. }
points2d:
   - { x:0., y:0. }
   - { x:36., y:-18. }
   - { x:60., y:-31. }
   - { x:116., y:-28. }
   - { x:37., y:18. }
   - { x:-31., y:13. }
   - { x:-1., y:-31. }
   - { x:34., y:-47. }
points3d:
   - { x:0., y:0., z:0. }
   - { x:7.3200000000000003e+00, y:0., z:0. }
   - { x:1.2820000000000000e+01, y:0., z:0. }
   - { x:1.2820000000000000e+01, y:-5.5000000000000000e+00, z:0. }
   - { x:-5.5000000000000000e+00, y:-5.5000000000000000e+00, z:0. }
   - { x:-5.5000000000000000e+00, y:0., z:0. }
   - { x:0., y:0., z:2.4399999999999999e+00 }
   - { x:7.3200000000000003e+00, y:0., z:2.4399999999999999e+00 }
