%YAML:1.0
---
calibrationDate: "Sat Sep 28 13:18:03 2019\n"
nameImage: maracana2
nameDirImage: "D:/OpenCV/visao_trabalho1/maracana2.jpg"
nameDirYaml: "D:/maracana2.yml"
origin:
   - { x:525., y:24. }
   - { x:511., y:23. }
   - { x:549., y:60. }
   - { x:268., y:62. }
   - { x:573., y:99. }
   - { x:474., y:98. }
   - { x:509., y:178. }
   - { x:265., y:236. }
   - { x:379., y:134. }
   - { x:529., y:27. }
points2d:
   - { x:0., y:0. }
   - { x:-14., y:-1. }
   - { x:24., y:36. }
   - { x:-257., y:38. }
   - { x:48., y:75. }
   - { x:-51., y:74. }
   - { x:-16., y:154. }
   - { x:-260., y:212. }
   - { x:-146., y:110. }
   - { x:4., y:3. }
points3d:
   - { x:0., y:0., z:0. }
   - { x:0., y:1, z:0. }
   - { x:-2.4840000000000000e+01, y:0, z:0. }
   - { x:-2.4840000000000000e+01, y:1.6500000000000000e+01, z:0. }
   - { x:-3.5840000000000003e+01, y:0, z:0. }
   - { x:-3.5840000000000003e+01, y:5.5000000000000000e+00, z:0. }
   - { x:-5.4159999999999997e+01, y:5.5000000000000000e+00, z:0. }
   - { x:-6.5159999999999997e+01, y:1.6500000000000000e+01, z:0. }
   - { x:-45, y:11, z:0. }
   - { x:-1, y:0, z:0. }
